150 26 4
150 31 4
150 33 4
150 44 4
150 47 4
150 49 4
150 50 4
150 51 4
150 52 4
150 56 4
150 58 4
150 64 4
150 65 4
150 66 4
150 69 4
150 70 4
150 79 4
150 81 4
150 82 4
150 83 4
150 86 4
150 87 4
150 88 4
150 89 4
150 91 4
150 93 4
150 97 4
150 98 4
150 100 4
150 111 4
150 114 4
150 118 4
150 121 4
150 125 4
150 131 5
150 132 4
150 133 5
150 134 5
150 136 5
150 137 4
150 147 4
150 151 4
150 152 5
150 153 4
150 154 4
150 160 4
150 162 4
150 163 4
150 164 4
150 168 4
150 169 4
150 170 4
150 171 4
150 172 4
150 175 4
150 176 4
150 178 4
150 181 4
150 183 4
150 185 4
150 186 4
150 189 4
150 191 5
150 193 4
150 194 4
150 195 4
150 196 4
150 197 5
150 198 4
150 199 5
150 200 4
150 203 4
150 204 4
150 208 4
150 209 4
150 210 4
150 211 5
150 213 4
150 215 4
150 216 4
150 222 4
150 223 4
150 224 4
150 227 4
150 228 4
150 230 4
150 231 4
150 234 4
150 238 4
150 241 4
150 260 4
150 265 4
150 274 4
150 275 4
150 286 4
150 287 4
150 290 4
150 300 4
150 302 4
150 317 4
150 318 4
150 321 4
150 322 4
150 328 4
150 356 4
150 357 4
150 371 4
150 372 4
150 378 5
150 381 4
150 382 4
150 387 5
150 393 4
150 402 4
150 405 4
150 408 4
150 411 4
150 414 5
150 417 4
150 419 5
150 420 4
150 425 4
150 428 4
150 429 4
150 430 4
150 432 4
150 433 4
150 435 4
150 443 4
150 448 4
150 451 4
150 461 5
150 462 5
150 463 4
150 464 5
150 466 4
150 469 5
150 470 4
150 473 4
150 474 4
150 476 4
150 478 5
150 480 4
150 481 5
150 482 4
150 483 5
150 484 5
150 485 5
150 486 5
150 487 4
150 488 5
150 489 5
150 490 5
150 492 5
150 494 5
150 496 4
150 497 4
150 499 5
150 503 4
150 504 4
150 505 4
150 506 4
150 507 5
150 509 4
150 512 4
150 514 4
150 516 4
150 517 5
150 522 5
150 523 5
150 525 5
150 528 5
150 529 4
150 546 4
150 549 4
150 561 4
150 566 4
150 582 4
150 584 5
150 602 5
150 603 5
150 605 4
150 606 5
150 609 5
150 614 4
150 627 4
150 628 4
150 631 4
150 632 4
150 633 5
150 638 4
150 642 4
150 652 4
150 654 5
150 655 4
150 657 4
150 659 4
150 660 4
150 661 5
150 662 5
150 663 4
150 675 4
150 684 4
150 692 4
150 699 4
150 702 4
150 703 4
150 707 5
150 709 4
150 716 4
150 724 4
150 729 5
150 732 5
150 735 4
150 736 4
150 741 4
150 747 4
150 748 4
150 755 5
150 761 4
150 770 5
150 775 4
150 781 5
150 782 4
150 792 4
150 813 4
150 826 4
150 835 4
150 837 4
150 845 4
150 847 4
150 919 4
150 929 4
150 939 4
150 952 4
150 953 5
150 956 4
150 962 3
150 965 4
150 969 4
150 971 4
150 972 4
151 71 5
151 80 5
151 97 5
151 98 5
151 111 5
151 117 5
151 120 4
151 121 5
151 125 4
151 132 5
151 133 5
151 143 5
151 147 4
151 151 4
151 153 5
151 155 4
151 157 5
151 161 5
151 162 5
151 167 5
151 173 5
151 191 5
151 204 5
151 215 5
151 220 4
151 234 5
151 237 5
151 241 5
151 255 5
151 272 5
151 274 5
151 275 4
151 278 5
151 280 4
151 284 5
151 286 4
151 301 4
151 313 5
151 354 4
151 364 4
151 371 5
151 402 5
151 410 5
151 411 4
151 412 4
151 423 5
151 483 5
151 487 4
151 504 5
151 527 5
151 549 5
151 596 5
151 632 4
151 685 4
151 692 5
151 699 5
151 716 5
151 720 5
151 724 5
151 739 5
151 740 4
151 775 4
151 778 5
151 780 5
151 781 5
151 783 5
151 785 4
151 790 4
151 794 5
151 845 5
151 866 4
151 871 4
151 966 5
152 216 3
152 258 3
152 265 3
152 294 3
152 321 3
152 323 3
152 325 4
152 357 3
152 510 3
152 678 3
153 197 4
153 202 4
153 211 4
153 222 5
153 238 5
153 242 5
153 258 4
153 286 4
153 288 4
153 289 5
153 302 4
153 324 4
153 333 4
153 357 4
153 414 4
153 462 4
153 474 4
153 479 4
153 480 4
153 482 4
153 484 4
153 488 4
153 515 4
153 527 4
153 640 4
153 642 4
153 651 4
153 708 4
153 806 4
153 874 4
153 919 4
153 945 4
154 327 3
154 328 3
154 331 3
154 332 3
154 748 3
154 988 3
154 990 3
155 178 3
155 180 3
155 187 3
155 192 3
155 197 3
155 205 3
155 211 3
155 276 3
155 317 3
155 318 3
155 346 3
155 357 3
155 510 3
155 515 3
155 641 3
155 651 3
155 661 3
155 772 3
155 806 3
156 127 4
156 137 4
156 147 4
156 150 4
156 250 4
156 255 3
156 268 4
156 269 3
156 273 4
156 274 3
156 276 3
156 283 3
156 286 4
156 289 3
156 290 4
156 293 4
156 298 3
156 313 4
156 340 3
156 405 3
156 407 3
156 410 4
156 476 3
156 508 3
156 515 4
156 597 3
156 685 3
156 740 4
156 748 3
156 934 3
157 50 4
157 53 4
157 55 4
157 56 4
157 62 4
157 68 4
157 72 4
157 79 4
157 82 4
157 85 4
157 89 4
157 92 4
157 96 4
157 100 4
157 111 4
157 116 4
157 117 4
157 118 4
157 120 4
157 121 4
157 123 4
157 124 4
157 127 4
157 128 4
157 129 4
157 137 4
157 144 4
157 148 4
157 149 4
157 154 4
157 161 4
157 163 4
157 168 4
157 172 4
157 173 4
157 174 4
157 175 4
157 176 4
157 177 4
157 181 4
157 182 4
157 183 4
157 184 4
157 186 4
157 187 4
157 188 4
157 190 4
157 194 4
157 202 4
157 204 4
157 209 4
157 216 4
157 217 4
157 221 4
157 222 4
157 226 4
157 227 4
157 228 4
157 229 4
157 231 4
157 232 4
157 233 4
157 235 4
157 238 4
157 239 4
157 241 4
157 244 4
157 250 4
157 252 4
157 271 4
157 273 4
157 275 4
157 277 4
157 283 4
157 284 4
157 286 4
157 293 4
157 325 4
157 367 4
157 373 4
157 399 4
157 403 4
157 408 4
157 410 4
157 414 4
157 430 4
157 433 4
157 435 4
157 449 4
157 450 4
157 455 4
157 471 4
157 472 4
157 483 4
157 502 4
157 510 4
157 511 4
157 516 4
157 525 4
157 530 4
157 544 4
157 546 4
157 550 4
157 562 4
157 566 4
157 568 4
157 570 4
157 576 4
157 580 4
157 583 4
157 593 4
157 636 4
157 652 4
157 659 4
157 665 4
157 684 4
157 686 4
157 694 4
157 729 4
157 731 4
157 742 4
157 744 4
157 745 3
157 770 4
157 797 4
157 798 4
157 803 3
157 809 4
157 810 4
157 823 4
157 825 4
157 866 4
157 985 3
158 126 5
158 127 4
158 195 4
158 220 3
158 225 3
158 237 3
158 243 3
158 245 3
158 249 4
158 250 4
158 255 3
158 258 4
158 259 3
158 260 3
158 273 4
158 274 3
158 276 4
158 286 4
158 289 3
158 294 4
158 301 4
158 310 4
158 319 3
158 323 4
158 326 4
158 328 4
158 333 4
158 364 3
158 405 3
158 411 3
158 412 3
158 451 4
158 456 3
158 471 4
158 476 3
158 546 3
158 588 4
158 595 4
158 628 4
158 678 3
158 685 4
158 748 3
158 756 3
158 815 4
158 829 4
158 831 3
158 832 4
158 866 3
158 871 4
158 872 3
158 876 4
158 877 4
158 881 4
158 918 4
158 930 3
158 948 3
158 988 3
159 50 4
159 56 4
159 61 4
159 79 4
159 93 4
159 100 4
159 109 4
159 117 3
159 118 4
159 123 4
159 124 4
159 126 4
159 135 4
159 137 4
159 150 4
159 151 4
159 153 4
159 160 4
159 161 4
159 168 4
159 169 4
159 174 4
159 175 4
159 182 4
159 185 4
159 187 4
159 192 4
159 195 4
159 201 3
159 202 4
159 209 4
159 211 4
159 218 3
159 228 4
159 230 3
159 234 4
159 237 4
159 240 4
159 248 4
159 273 4
159 276 4
159 282 3
159 285 4
159 293 3
159 328 3
159 405 3
159 410 4
159 412 4
159 430 4
159 432 4
159 447 4
159 455 4
159 460 3
159 461 4
159 462 4
159 463 4
159 474 4
159 475 3
159 483 4
159 484 4
159 497 4
159 508 4
159 514 4
159 531 3
159 544 4
159 564 3
159 589 4
159 603 4
159 604 4
159 640 4
159 671 3
159 693 5
159 719 5
159 762 4
159 763 3
159 770 4
159 825 3
159 844 3
159 864 3
159 922 3
159 926 4
159 933 3
159 955 4
159 969 4
160 132 3
160 133 3
160 135 3
160 162 3
160 168 3
160 174 3
160 181 3
160 186 3
160 187 3
160 191 3
160 202 3
160 204 3
160 210 3
160 213 3
160 215 3
160 257 3
160 265 3
160 272 3
160 274 3
160 276 3
160 284 3
160 286 3
160 309 3
160 315 3
160 316 3
160 318 3
160 428 3
160 435 3
160 473 3
160 483 3
160 486 3
160 487 3
160 496 3
160 508 3
160 523 3
160 582 3
160 640 3
160 654 3
160 898 2
161 144 4
161 147 4
161 151 4
161 174 4
161 181 4
161 208 4
161 222 4
161 230 4
161 237 4
161 254 3
161 298 4
161 358 4
161 403 4
161 508 4
161 544 3
161 597 4
161 628 4
161 685 4
161 710 4
161 742 4
161 943 4
162 286 4
162 288 4
162 300 4
162 301 4
162 305 4
162 318 4
162 347 4
162 357 4
162 433 4
162 879 3
163 252 5
163 258 5
163 276 5
163 281 5
163 282 5
163 291 4
163 293 5
163 298 5
163 299 5
163 300 5
163 307 5
163 313 4
163 322 4
163 323 5
163 326 5
163 331 5
163 333 5
163 342 5
163 370 5
163 405 5
163 406 5
163 407 5
163 411 5
163 458 5
163 471 5
163 472 5
163 515 5
163 597 5
163 619 5
163 620 5
163 678 5
163 685 5
163 689 5
163 717 5
163 742 5
163 748 5
163 751 5
163 823 5
163 825 5
163 845 5
163 866 5
163 926 5
163 930 5
163 934 5
163 984 5
164 222 4
164 258 4
164 260 4
164 270 4
164 288 4
164 304 4
164 318 4
164 325 4
164 328 4
164 332 4
164 372 4
164 419 4
164 500 4
164 651 4
165 343 4
165 346 4
165 347 4
165 748 4
165 751 4
165 894 4
165 984 4
166 204 3
166 222 3
166 225 4
166 232 3
166 235 4
166 237 4
166 238 4
166 240 4
166 241 4
166 288 3
166 290 4
166 318 3
166 364 3
166 381 3
166 392 4
166 404 4
166 435 3
166 478 4
166 486 4
166 493 3
166 512 4
166 513 3
166 521 4
166 530 3
166 568 4
166 603 4
166 615 3
166 655 3
166 659 4
166 673 3
166 675 4
166 698 3
166 719 3
166 726 1
166 733 3
166 735 3
166 831 3
166 949 4
167 125 4
167 126 4
167 151 4
167 222 4
167 225 4
167 235 4
167 252 4
167 255 4
167 257 4
167 258 4
167 259 4
167 274 4
167 275 4
167 280 4
167 281 4
167 282 4
167 284 4
167 288 4
167 291 4
167 294 4
167 295 4
167 300 4
167 313 4
167 323 4
167 325 4
167 405 4
167 409 4
167 411 4
167 458 4
167 472 4
167 473 4
167 596 4
167 597 4
167 619 4
167 678 4
167 685 4
167 742 4
167 744 4
167 748 4
167 763 4
167 819 3
167 866 4
167 871 4
167 930 4
167 988 4
168 234 4
168 243 5
168 258 4
168 260 5
168 300 4
168 301 5
168 308 4
168 321 4
168 331 4
168 429 4
168 443 4
168 480 4
168 483 5
168 495 4
168 498 5
168 499 4
168 603 4
168 604 5
168 683 5
168 684 4
168 705 4
168 879 5
169 328 4
169 333 4
169 348 4
169 687 4
169 749 3
169 876 4
169 881 4
169 984 3
169 988 4
170 304 4
170 305 4
170 306 4
170 310 4
170 313 4
170 315 4
170 327 4
170 340 4
170 344 4
170 346 4
170 354 3
170 690 4
170 887 4
170 906 4
171 478 3
171 483 3
171 485 4
171 488 4
171 514 3
171 580 2
171 582 3
171 603 3
171 606 4
171 612 3
171 657 3
171 697 4
171 772 5
172 300 4
172 302 4
172 303 4
172 305 5
172 306 4
172 319 4
172 321 4
172 322 4
172 323 4
172 324 4
172 327 4
172 328 4
172 331 4
172 332 4
172 334 4
172 678 4
172 687 4
172 690 4
172 874 4
172 879 4
172 880 4
172 937 4
172 938 3
172 984 4
172 995 4
173 40 3
173 41 3
173 49 3
173 50 4
173 56 4
173 63 3
173 66 4
173 67 3
173 69 4
173 70 4
173 80 4
173 82 4
173 94 4
173 100 4
173 107 5
173 111 4
173 117 4
173 118 3
173 122 3
173 124 4
173 125 4
173 126 4
173 132 4
173 138 3
173 139 3
173 140 4
173 147 4
173 151 4
173 155 3
173 158 3
173 160 4
173 162 4
173 178 4
173 196 4
173 197 4
173 204 4
173 210 4
173 216 4
173 221 4
173 237 4
173 238 4
173 239 4
173 244 4
173 246 4
173 248 4
173 255 3
173 268 4
173 269 4
173 272 4
173 276 4
173 278 4
173 280 4
173 286 4
173 288 4
173 293 3
173 312 4
173 315 4
173 323 3
173 332 3
173 333 3
173 340 4
173 347 4
173 364 2
173 368 3
173 369 3
173 371 4
173 381 4
173 383 3
173 386 3
173 388 4
173 393 4
173 395 3
173 396 3
173 401 3
173 402 4
173 412 3
173 415 3
173 417 3
173 423 4
173 433 4
173 451 4
173 456 3
173 458 4
173 471 4
173 476 3
173 546 3
173 553 3
173 571 2
173 575 3
173 577 3
173 597 3
173 623 4
173 655 4
173 660 4
173 662 4
173 696 4
173 699 4
173 709 4
173 715 3
173 716 4
173 721 4
173 722 3
173 723 3
173 724 4
173 739 4
173 742 4
173 747 4
173 762 4
173 763 4
173 764 3
173 768 4
173 780 4
173 823 4
173 843 4
173 845 4
173 846 3
173 862 3
173 871 3
173 902 2
173 905 5
173 937 5
173 949 4
173 950 4
173 953 5
174 100 4
174 127 4
174 132 4
174 133 4
174 147 4
174 172 4
174 176 4
174 183 4
174 186 4
174 193 4
174 195 4
174 215 4
174 234 4
174 273 4
174 419 4
174 483 4
174 496 4
174 508 4
174 629 4
174 660 4
174 661 4
174 669 4
175 151 4
175 222 4
175 236 4
175 237 4
175 240 4
175 246 4
175 250 4
175 258 4
175 262 5
175 268 4
175 270 4
175 272 4
175 286 4
175 288 4
175 289 4
175 294 4
175 297 4
175 298 4
175 303 4
175 305 4
175 319 4
175 321 4
175 324 4
175 325 4
175 327 4
175 328 4
175 343 4
175 347 4
175 405 4
175 475 4
175 508 4
175 741 4
175 750 4
175 751 4
175 874 4
175 875 4
175 876 4
175 881 4
175 919 4
175 927 4
175 948 4
175 952 4
176 59 4
176 60 4
176 64 4
176 69 4
176 79 4
176 87 4
176 89 4
176 92 4
176 96 4
176 100 4
176 121 4
176 124 4
176 129 4
176 135 4
176 150 4
176 153 4
176 154 4
176 161 4
176 168 4
176 172 4
176 173 4
176 175 4
176 176 4
176 179 4
176 181 4
176 182 4
176 183 4
176 186 4
176 195 4
176 196 4
176 197 4
176 198 4
176 200 4
176 203 4
176 209 4
176 216 4
176 217 4
176 223 4
176 243 4
176 245 4
176 258 4
176 260 4
176 268 4
176 270 4
176 271 4
176 276 4
176 288 4
176 289 4
176 292 5
176 294 4
176 299 4
176 300 4
176 302 4
176 318 4
176 321 4
176 322 4
176 324 4
176 333 4
176 334 4
176 336 4
176 338 4
176 340 4
176 343 4
176 358 4
176 403 4
176 421 4
176 433 4
176 469 4
176 470 4
176 475 4
176 508 4
176 527 4
176 568 4
176 628 4
176 642 4
176 651 4
176 654 4
176 678 4
176 689 4
176 693 4
176 806 4
176 878 4
176 919 4
176 948 4
176 960 4
176 963 4
177 25 4
177 28 4
177 31 4
177 38 4
177 39 4
177 50 4
177 51 4
177 55 4
177 56 4
177 58 4
177 62 4
177 64 4
177 66 4
177 70 4
177 71 4
177 73 4
177 76 4
177 77 4
177 79 4
177 82 4
177 83 4
177 87 4
177 89 4
177 90 4
177 92 4
177 95 4
177 96 4
177 97 4
177 98 4
177 99 4
177 106 4
177 117 4
177 121 4
177 123 4
177 124 4
177 125 4
177 127 4
177 131 4
177 134 4
177 135 4
177 143 4
177 144 4
177 148 4
177 153 4
177 155 4
177 156 4
177 157 4
177 164 4
177 168 4
177 172 4
177 176 4
177 178 4
177 179 4
177 180 4
177 181 4
177 183 4
177 184 4
177 187 4
177 193 4
177 195 4
177 196 4
177 197 4
177 199 4
177 200 4
177 202 4
177 204 4
177 209 4
177 210 4
177 214 4
177 216 4
177 218 4
177 219 4
177 222 4
177 226 4
177 228 4
177 229 4
177 230 4
177 233 4
177 234 4
177 235 4
177 237 4
177 238 4
177 241 4
177 244 4
177 245 4
177 246 4
177 248 4
177 249 4
177 250 4
177 255 4
177 257 4
177 258 4
177 259 4
177 260 4
177 265 4
177 271 4
177 273 4
177 274 4
177 275 4
177 276 4
177 280 4
177 281 4
177 282 4
177 284 4
177 286 4
177 288 4
177 293 4
177 294 4
177 298 4
177 300 4
177 302 4
177 304 4
177 313 4
177 316 4
177 317 4
177 318 4
177 319 4
177 322 4
177 323 4
177 326 4
177 332 4
177 333 4
177 340 4
177 342 4
177 354 4
177 358 4
177 363 4
177 367 4
177 385 4
177 405 4
177 423 4
177 427 4
177 431 4
177 433 4
177 435 4
177 454 4
177 455 4
177 458 4
177 460 5
177 465 4
177 469 4
177 472 4
177 476 4
177 478 4
177 480 4
177 483 4
177 484 4
177 491 4
177 495 4
177 500 4
177 506 4
177 508 4
177 510 4
177 520 4
177 535 4
177 540 4
177 546 4
177 549 4
177 566 4
177 568 4
177 578 4
177 591 4
177 596 4
177 597 4
177 607 4
177 619 4
177 625 4
177 651 4
177 654 4
177 655 4
177 658 4
177 678 4
177 679 4
177 682 4
177 685 4
177 696 4
177 720 4
177 724 4
177 729 4
177 731 4
177 735 4
177 739 4
177 742 4
177 744 4
177 746 4
177 748 4
177 751 4
177 756 4
177 762 4
177 763 4
177 764 4
177 781 4
177 783 4
177 790 4
177 792 4
177 809 5
177 819 3
177 845 4
177 846 4
177 849 4
177 864 4
177 866 4
177 876 4
177 877 4
177 895 4
177 926 4
177 978 4
177 984 4
178 310 4
178 315 4
178 316 4
178 321 4
178 331 4
178 333 4
178 339 4
178 340 4
178 345 4
178 346 4
178 354 4
178 362 5
178 690 4
178 691 4
178 750 4
178 751 4
178 893 3
178 895 4
178 902 4
178 905 4
178 914 4
178 917 4
179 121 4
179 153 4
179 156 4
179 173 4
179 186 4
179 191 4
179 196 4
179 201 4
179 202 4
179 204 4
179 213 4
179 216 4
179 222 4
179 258 4
179 318 4
179 367 4
179 372 4
179 380 4
179 403 4
179 421 4
179 423 4
179 431 4
179 433 4
179 462 4
179 469 5
179 631 4
179 658 4
179 660 4
179 684 4
179 694 4
179 716 4
179 729 4
179 732 4
179 733 4
179 737 4
179 739 4
179 747 4
179 762 4
179 778 4
179 785 4
179 790 4
179 939 3
179 961 4
180 18 2
180 19 3
180 20 2
180 21 2
180 24 3
180 25 2
180 93 2
180 100 2
180 103 2
180 104 2
180 105 2
180 108 2
180 109 2
180 111 3
180 112 3
180 116 2
180 117 3
180 118 2
180 121 2
180 122 2
180 123 2
180 124 2
180 125 3
180 126 2
180 129 2
180 137 2
180 146 2
180 147 3
180 148 3
180 149 3
180 150 2
180 220 3
180 221 2
180 222 2
180 224 2
180 225 2
180 235 2
180 236 2
180 240 3
180 242 2
180 243 3
180 251 2
180 256 2
180 258 2
180 259 3
180 260 3
180 261 3
180 262 3
180 263 2
180 264 2
180 266 2
180 268 2
180 269 2
180 270 2
180 274 2
180 275 2
180 276 2
180 277 3
180 278 3
180 279 2
180 282 2
180 283 2
180 284 3
180 285 2
180 286 2
180 288 3
180 289 2
180 290 2
180 291 3
180 292 3
180 294 2
180 300 3
180 301 3
180 302 2
180 303 2
180 304 3
180 305 2
180 306 2
180 307 3
180 308 3
180 319 2
180 321 2
180 322 3
180 323 2
180 324 2
180 325 3
180 326 3
180 327 3
180 328 2
180 329 3
180 330 3
180 331 3
180 332 3
180 334 2
180 335 3
180 336 4
180 337 3
180 358 3
180 359 3
180 360 2
180 363 3
180 368 3
180 369 3
180 405 3
180 406 3
180 407 3
180 408 3
180 409 3
180 410 3
180 411 2
180 412 2
180 413 3
180 424 3
180 455 3
180 456 2
180 457 4
180 458 3
180 459 3
180 460 3
180 471 2
180 472 3
180 475 2
180 476 3
180 477 3
180 547 3
180 591 2
180 595 3
180 597 3
180 598 3
180 619 3
180 620 2
180 628 3
180 676 2
180 680 3
180 681 3
180 682 3
180 683 3
180 688 3
180 690 3
180 696 2
180 718 3
180 740 2
180 741 2
180 742 3
180 744 3
180 748 2
180 749 3
180 756 3
180 758 3
180 760 3
180 762 2
180 763 3
180 764 3
180 766 2
180 767 3
180 813 3
180 818 4
180 819 3
180 820 2
180 823 2
180 824 4
180 825 3
180 827 2
180 828 3
180 829 4
180 831 2
180 832 2
180 833 3
180 834 2
180 840 2
180 841 2
180 844 3
180 845 2
180 846 3
180 847 3
180 864 2
180 866 3
180 870 3
180 872 3
180 873 3
180 874 2
180 875 3
180 876 4
180 877 3
180 878 3
180 879 2
180 881 4
180 882 3
180 883 4
180 884 4
180 885 4
180 886 3
180 887 2
180 919 3
180 920 2
180 922 2
180 924 2
180 925 3
180 926 3
180 927 3
180 928 3
180 929 2
180 930 3
180 931 2
180 932 3
180 933 3
180 934 2
180 937 3
180 938 3
180 948 2
180 950 2
180 952 2
180 974 3
180 975 3
180 976 2
180 977 3
180 978 2
180 979 2
180 980 3
180 981 3
180 982 4
180 983 3
180 984 2
180 985 3
180 986 4
180 989 4
180 990 2
180 991 3
180 995 2
181 178 4
181 181 4
181 191 4
181 203 4
181 222 4
181 237 4
181 257 4
181 283 4
181 293 4
181 423 4
181 471 4
181 479 4
181 596 4
181 763 4
181 845 4
181 864 4
182 177 3
182 181 3
182 202 3
182 203 3
182 210 3
182 212 3
182 216 3
182 222 3
182 225 3
182 226 3
182 227 3
182 228 3
182 229 3
182 230 3
182 241 3
182 250 3
182 257 3
182 265 3
182 270 3
182 273 3
182 294 3
182 331 3
182 356 3
182 375 3
182 380 3
182 405 3
182 431 3
182 450 3
182 483 3
182 485 3
182 562 3
182 720 3
183 34 4
183 36 3
183 40 4
183 44 4
183 47 4
183 50 4
183 51 4
183 52 4
183 56 4
183 57 4
183 58 4
183 64 4
183 65 4
183 66 4
183 67 3
183 69 4
183 70 4
183 71 4
183 72 4
183 77 4
183 79 4
183 82 4
183 86 4
183 88 3
183 89 4
183 91 4
183 92 3
183 93 4
183 97 4
183 98 4
183 100 4
183 116 4
183 117 3
183 118 3
183 121 4
183 124 4
183 126 4
183 127 4
183 132 4
183 134 4
183 137 4
183 143 3
183 153 4
183 155 3
183 161 4
183 164 4
183 165 4
183 166 4
183 170 4
183 172 3
183 174 4
183 175 4
183 176 4
183 181 4
183 182 4
183 183 4
183 185 4
183 187 4
183 191 4
183 196 4
183 202 4
183 203 4
183 207 3
183 208 4
183 210 4
183 213 4
183 215 3
183 216 4
183 217 4
183 218 3
183 220 4
183 221 4
183 223 4
183 231 3
183 235 4
183 237 4
183 250 4
183 252 3
183 254 3
183 255 4
183 258 4
183 259 3
183 272 3
183 275 4
183 277 4
183 283 4
183 285 4
183 286 4
183 287 4
183 301 4
183 321 4
183 340 3
183 357 4
183 378 4
183 381 3
183 382 4
183 393 4
183 396 3
183 399 4
183 401 4
183 402 4
183 403 4
183 405 4
183 410 4
183 411 3
183 412 3
183 423 4
183 428 4
183 443 4
183 447 4
183 451 3
183 458 4
183 462 4
183 473 3
183 476 4
183 478 4
183 483 4
183 485 4
183 487 4
183 488 4
183 492 4
183 496 4
183 497 4
183 498 4
183 506 4
183 508 4
183 511 4
183 512 4
183 514 4
183 515 4
183 517 4
183 521 4
183 522 4
183 523 4
183 527 4
183 528 4
183 529 4
183 531 4
183 553 4
183 559 4
183 568 4
183 582 4
183 584 4
183 588 4
183 591 4
183 596 4
183 602 3
183 604 4
183 606 4
183 631 4
183 632 4
183 639 4
183 640 4
183 642 4
183 644 4
183 645 4
183 647 3
183 651 4
183 654 4
183 655 4
183 657 4
183 660 4
183 664 4
183 665 3
183 692 4
183 693 4
183 694 4
183 699 4
183 707 4
183 708 4
183 715 4
183 716 4
183 724 3
183 729 4
183 736 4
183 738 4
183 739 3
183 742 4
183 747 4
183 766 3
183 780 3
183 805 4
183 813 4
183 836 4
183 845 3
183 855 4
183 942 4
183 945 4
183 949 4
183 950 4
183 956 4
183 972 4
183 995 4
184 160 4
184 181 4
184 196 4
184 197 4
184 199 4
184 205 4
184 216 4
184 223 4
184 237 4
184 269 4
184 275 4
184 276 4
184 279 4
184 285 4
184 286 4
184 287 4
184 318 4
184 321 4
184 423 4
184 447 4
184 514 4
184 515 4
184 528 4
184 638 5
184 690 4
184 701 4
184 740 4
184 939 4
185 106 4
185 117 4
185 118 4
185 121 4
185 148 4
185 159 4
185 203 4
185 225 4
185 226 4
185 237 4
185 243 4
185 250 4
185 257 4
185 258 4
185 263 4
185 281 4
185 288 4
185 291 4
185 298 4
185 299 4
185 300 4
185 302 4
185 303 4
185 306 4
185 322 4
185 327 4
185 330 4
185 332 4
185 333 4
185 338 4
185 356 4
185 385 4
185 406 3
185 470 4
185 477 4
185 540 4
185 546 4
185 550 4
185 554 4
185 566 4
185 568 4
185 588 4
185 591 4
185 595 4
185 596 4
185 684 4
185 689 4
185 717 4
185 742 4
185 754 4
185 770 4
185 820 4
185 829 4
185 880 4
185 887 4
185 925 4
185 934 3
185 939 4
185 977 4
185 983 5
185 988 4
186 116 5
186 134 4
186 135 4
186 168 4
186 175 4
186 179 4
186 186 4
186 191 4
186 196 4
186 197 4
186 209 4
186 210 4
186 213 4
186 214 4
186 215 4
186 216 4
186 241 4
186 275 4
186 423 4
186 427 4
186 428 4
186 433 4
186 435 4
186 462 4
186 522 5
186 523 4
186 582 4
186 651 4
186 659 4
186 660 4
186 663 4
186 732 4
186 735 4
186 736 4
186 747 4
186 792 4
187 69 4
187 76 4
187 77 4
187 79 4
187 88 4
187 96 4
187 97 4
187 98 4
187 100 4
187 118 4
187 121 4
187 127 4
187 143 4
187 144 4
187 148 4
187 151 4
187 153 4
187 157 4
187 159 4
187 161 4
187 162 4
187 164 4
187 173 4
187 174 4
187 177 4
187 180 4
187 181 4
187 185 4
187 191 4
187 194 4
187 195 4
187 199 4
187 202 4
187 204 4
187 205 4
187 209 4
187 210 4
187 211 4
187 216 4
187 218 4
187 226 4
187 233 4
187 234 4
187 237 4
187 240 4
187 265 4
187 281 4
187 288 4
187 294 4
187 318 4
187 326 4
187 357 4
187 392 4
187 419 4
187 443 4
187 462 4
187 468 4
187 470 4
187 474 4
187 483 4
187 485 4
187 498 4
187 504 4
187 510 4
187 511 4
187 519 4
187 553 4
187 554 4
187 566 4
187 568 4
187 591 4
187 628 4
187 629 4
187 632 4
187 651 4
187 673 4
187 678 4
187 692 4
187 717 4
187 732 4
187 742 4
187 764 4
187 769 4
187 792 4
187 864 4
187 877 4
187 928 4
187 930 4
188 24 4
188 30 4
188 31 4
188 44 4
188 45 3
188 50 4
188 56 4
188 60 4
188 61 4
188 79 4
188 83 4
188 89 4
188 91 4
188 96 4
188 97 4
188 99 4
188 100 4
188 105 4
188 118 4
188 120 4
188 121 4
188 124 4
188 127 4
188 129 4
188 131 4
188 132 4
188 133 4
188 134 4
188 135 4
188 136 4
188 143 4
188 150 4
188 151 4
188 162 4
188 165 4
188 166 4
188 172 4
188 173 4
188 174 4
188 175 4
188 176 4
188 178 4
188 181 4
188 191 4
188 194 4
188 196 4
188 197 4
188 198 4
188 203 4
188 204 4
188 207 4
188 209 4
188 214 4
188 216 4
188 225 4
188 234 4
188 238 4
188 241 3
188 246 4
188 248 4
188 253 4
188 268 4
188 274 4
188 275 3
188 276 3
188 281 4
188 283 4
188 294 4
188 313 4
188 317 4
188 378 4
188 381 3
188 418 4
188 423 4
188 433 4
188 462 4
188 474 4
188 479 4
188 480 4
188 483 4
188 484 4
188 485 4
188 487 4
188 492 4
188 496 4
188 499 4
188 500 4
188 501 4
188 503 4
188 505 3
188 510 4
188 512 4
188 513 4
188 516 4
188 517 4
188 520 4
188 526 4
188 527 4
188 596 4
188 603 4
188 607 4
188 618 4
188 630 3
188 632 4
188 634 4
188 638 4
188 639 4
188 647 4
188 652 4
188 654 4
188 656 4
188 657 4
188 661 4
188 663 4
188 694 4
188 705 4
188 732 4
188 742 4
188 751 4
188 815 4
188 820 3
188 847 4
188 855 4
188 863 5
188 914 3
188 934 3
188 952 3
188 990 4
189 272 4
189 273 4
189 276 4
189 281 4
189 282 4
189 291 4
189 294 4
189 300 4
189 302 4
189 310 4
189 313 4
189 326 4
189 333 4
189 340 4
189 354 4
189 363 4
189 405 4
189 471 4
189 508 4
189 539 4
189 544 4
189 546 4
189 591 4
189 597 4
189 628 4
189 685 4
189 696 4
189 717 4
189 742 4
189 748 4
189 751 4
189 823 4
189 895 4
189 898 4
189 974 4
189 977 4
189 989 3
190 313 4
190 316 4
190 328 4
190 331 4
190 332 4
190 339 4
190 340 4
190 343 4
190 345 4
190 750 4
190 751 4
190 752 4
190 754 4
190 891 4
190 896 4
190 900 4
191 257 4
191 258 4
191 276 3
191 277 4
191 284 3
191 301 4
191 302 4
191 340 3
191 476 3
191 515 4
191 813 4
191 948 3
192 72 3
192 73 3
192 79 3
192 82 3
192 94 3
192 96 3
192 100 3
192 111 3
192 117 3
192 121 3
192 122 3
192 127 3
192 147 3
192 153 3
192 155 3
192 161 3
192 174 3
192 177 3
192 187 3
192 194 3
192 195 3
192 199 3
192 210 3
192 218 3
192 234 3
192 237 3
192 246 3
192 258 3
192 259 3
192 260 3
192 268 3
192 269 3
192 274 3
192 276 3
192 280 3
192 286 3
192 288 3
192 294 3
192 300 3
192 301 3
192 307 3
192 310 3
192 313 3
192 327 3
192 328 3
192 332 3
192 343 3
192 352 3
192 354 3
192 362 3
192 366 3
192 368 3
192 393 3
192 402 3
192 403 3
192 407 3
192 410 3
192 412 3
192 435 3
192 443 3
192 465 3
192 476 3
192 485 3
192 508 3
192 541 3
192 553 3
192 554 3
192 562 3
192 580 3
192 627 3
192 673 3
192 682 3
192 684 3
192 689 3
192 693 3
192 722 3
192 739 3
192 742 3
192 750 3
192 755 3
192 763 3
192 781 3
192 790 3
192 815 3
192 827 3
192 845 3
192 869 3
192 871 3
192 879 3
192 895 3
192 905 3
192 928 3
192 941 4
193 25 4
193 26 4
193 28 4
193 29 4
193 30 4
193 31 4
193 44 4
193 50 4
193 51 4
193 52 4
193 54 4
193 56 4
193 58 4
193 62 4
193 64 4
193 66 4
193 69 4
193 70 4
193 71 4
193 72 4
193 73 4
193 76 4
193 77 4
193 78 4
193 81 4
193 82 4
193 83 4
193 86 4
193 87 4
193 88 4
193 89 4
193 90 4
193 91 4
193 94 4
193 95 4
193 97 4
193 98 4
193 99 4
193 100 4
193 117 4
193 118 4
193 121 4
193 124 4
193 127 4
193 132 4
193 133 4
193 134 4
193 135 4
193 143 4
193 144 4
193 152 4
193 153 4
193 154 4
193 155 4
193 157 4
193 159 4
193 160 4
193 161 4
193 162 4
193 165 4
193 172 4
193 173 4
193 174 4
193 175 4
193 177 4
193 178 4
193 179 4
193 180 4
193 181 4
193 182 4
193 183 4
193 185 4
193 187 4
193 188 4
193 191 4
193 192 4
193 193 4
193 194 4
193 195 4
193 196 4
193 197 4
193 198 4
193 202 4
193 203 4
193 205 4
193 209 4
193 210 4
193 211 4
193 212 4
193 213 4
193 215 4
193 216 4
193 218 4
193 219 4
193 222 4
193 225 4
193 226 4
193 227 4
193 229 4
193 230 4
193 232 4
193 234 4
193 235 4
193 237 4
193 238 4
193 239 4
193 241 4
193 259 4
193 274 4
193 276 4
193 281 4
193 282 4
193 284 4
193 286 4
193 289 4
193 294 4
193 317 4
193 321 4
193 356 4
193 357 4
193 366 4
193 367 4
193 371 4
193 376 4
193 380 4
193 383 4
193 385 4
193 387 4
193 393 4
193 402 4
193 403 4
193 404 4
193 405 4
193 410 4
193 414 4
193 417 4
193 419 4
193 423 4
193 425 4
193 427 4
193 431 4
193 432 4
193 433 4
193 443 4
193 449 4
193 450 4
193 451 4
193 456 4
193 465 4
193 466 4
193 467 4
193 470 4
193 471 4
193 474 4
193 478 4
193 479 4
193 481 4
193 482 4
193 483 4
193 485 4
193 488 4
193 491 4
193 498 4
193 503 4
193 504 4
193 507 4
193 509 4
193 510 4
193 511 4
193 514 4
193 516 4
193 517 4
193 519 4
193 520 4
193 521 4
193 523 4
193 526 4
193 527 4
193 529 4
193 530 4
193 540 4
193 542 4
193 546 4
193 549 4
193 559 4
193 562 4
193 566 4
193 568 4
193 576 4
193 580 4
193 582 4
193 588 4
193 616 4
193 623 4
193 624 4
193 625 4
193 628 4
193 629 4
193 631 4
193 633 4
193 636 4
193 640 4
193 642 4
193 647 4
193 648 4
193 651 4
193 655 4
193 657 4
193 659 4
193 660 4
193 663 4
193 674 4
193 692 4
193 693 4
193 705 4
193 708 4
193 720 4
193 732 4
193 735 4
193 736 4
193 737 4
193 739 4
193 744 4
193 756 4
193 762 4
193 770 4
193 780 4
193 783 4
193 792 4
193 808 4
193 820 4
193 837 4
193 864 4
193 871 4
193 939 4
193 941 4
193 944 4
193 946 4
193 951 4
193 971 4
193 991 3
193 997 4
194 100 3
194 127 3
194 132 3
194 134 3
194 143 3
194 152 4
194 154 3
194 181 3
194 186 3
194 198 3
194 213 3
194 227 3
194 234 3
194 235 3
194 258 3
194 264 3
194 265 3
194 271 3
194 273 3
194 276 3
194 298 3
194 300 3
194 304 4
194 313 3
194 325 4
194 326 3
194 328 3
194 358 4
194 373 3
194 384 3
194 386 4
194 387 3
194 407 4
194 413 3
194 421 3
194 431 3
194 433 4
194 451 3
194 469 3
194 477 4
194 496 3
194 500 4
194 508 3
194 558 3
194 582 3
194 591 3
194 636 3
194 651 3
194 678 3
194 740 4
194 748 3
194 751 4
194 753 3
194 771 3
194 779 4
194 797 4
194 809 3
194 823 3
194 831 3
194 877 3
194 887 4
194 921 3
194 982 4
195 153 4
195 173 4
195 202 3
195 238 4
195 242 3
195 251 3
195 257 3
195 285 4
195 286 3
195 287 4
195 306 4
195 340 4
195 381 3
195 382 4
195 393 3
195 411 4
195 428 3
195 580 3
195 655 4
195 663 3
195 692 4
195 762 3
195 845 4
196 62 3
196 68 3
196 79 3
196 82 3
196 89 3
196 92 3
196 96 3
196 127 3
196 161 3
196 172 3
196 174 3
196 176 3
196 177 3
196 181 3
196 182 3
196 183 3
196 184 3
196 187 3
196 188 3
196 190 3
196 195 3
196 210 3
196 226 3
196 228 3
196 229 3
196 230 3
196 231 3
196 232 3
196 233 3
196 241 3
196 245 3
196 258 3
196 259 3
196 265 3
196 271 3
196 286 3
196 288 3
196 289 3
196 294 3
196 300 3
196 302 2
196 307 2
196 313 3
196 316 3
196 321 2
196 322 2
196 323 3
196 326 3
196 328 3
196 332 3
196 333 3
196 340 2
196 344 2
196 346 2
196 347 3
196 354 3
196 362 3
196 373 3
196 385 3
196 399 2
196 403 2
196 431 2
196 435 3
196 449 3
196 510 3
196 511 3
196 515 3
196 518 3
196 526 2
196 530 3
196 538 3
196 550 3
196 554 3
196 566 3
196 570 2
196 578 2
196 586 3
196 651 3
196 665 3
196 678 3
196 679 3
196 684 3
196 688 2
196 690 3
196 720 3
196 748 3
196 750 3
196 770 3
196 779 3
196 808 3
196 849 3
196 879 3
196 880 3
196 895 3
196 947 2
197 31 3
197 33 3
197 50 3
197 51 3
197 55 3
197 56 3
197 58 3
197 64 3
197 65 3
197 69 3
197 70 3
197 73 3
197 79 3
197 82 3
197 95 3
197 97 3
197 98 3
197 100 3
197 101 3
197 108 3
197 117 3
197 118 3
197 121 3
197 122 3
197 127 3
197 131 3
197 132 3
197 135 3
197 143 3
197 148 3
197 153 3
197 154 3
197 156 3
197 161 3
197 164 3
197 168 3
197 172 3
197 173 3
197 174 3
197 175 3
197 176 3
197 179 3
197 180 3
197 182 3
197 183 3
197 184 3
197 185 3
197 186 3
197 187 3
197 188 3
197 191 3
197 193 3
197 195 3
197 196 3
197 197 3
197 198 3
197 200 3
197 203 3
197 208 3
197 210 3
197 214 3
197 215 3
197 216 3
197 217 3
197 218 3
197 222 3
197 228 3
197 229 3
197 234 3
197 237 3
197 241 3
197 248 3
197 249 3
197 258 3
197 265 3
197 276 3
197 280 3
197 291 3
197 298 3
197 300 3
197 318 3
197 323 3
197 356 3
197 357 3
197 369 3
197 381 4
197 382 3
197 385 3
197 402 3
197 403 3
197 405 3
197 410 3
197 411 3
197 427 3
197 429 3
197 431 3
197 433 3
197 434 3
197 447 3
197 455 3
197 462 3
197 480 3
197 498 3
197 501 3
197 509 3
197 511 3
197 518 3
197 527 3
197 531 3
197 549 3
197 559 3
197 568 3
197 581 3
197 629 3
197 631 3
197 636 3
197 640 3
197 651 3
197 652 3
197 654 3
197 655 3
197 658 3
197 660 3
197 690 3
197 692 3
197 693 3
197 707 3
197 727 3
197 746 3
197 748 3
197 763 3
197 820 3
197 823 3
197 824 3
197 871 3
197 923 3
197 959 3
197 979 3
198 242 4
198 258 4
198 259 4
198 268 4
198 276 4
198 285 4
198 286 4
198 294 3
198 313 4
198 322 4
198 323 3
198 324 4
198 405 3
198 408 4
198 473 3
198 475 4
198 508 4
198 539 4
198 678 3
198 687 3
198 892 3
198 948 4
198 988 2
198 989 4
199 29 4
199 33 4
199 38 4
199 43 4
199 45 4
199 48 4
199 50 4
199 54 4
199 56 4
199 58 4
199 62 4
199 63 4
199 68 4
199 69 4
199 71 4
199 72 4
199 79 4
199 82 4
199 88 4
199 89 4
199 91 4
199 94 4
199 95 4
199 96 4
199 98 4
199 99 4
199 103 4
199 107 4
199 112 4
199 117 4
199 118 4
199 121 4
199 123 4
199 125 4
199 132 4
199 135 4
199 140 4
199 141 4
199 143 4
199 147 4
199 148 4
199 151 4
199 161 4
199 169 4
199 173 4
199 174 4
199 177 4
199 179 4
199 183 4
199 188 4
199 191 4
199 193 4
199 195 4
199 196 4
199 202 4
199 205 4
199 208 4
199 210 4
199 215 4
199 218 4
199 222 4
199 225 4
199 226 4
199 227 4
199 228 4
199 229 4
199 230 4
199 231 4
199 234 4
199 235 4
199 241 4
199 243 4
199 245 4
199 258 4
199 265 4
199 276 4
199 280 4
199 282 4
199 286 4
199 291 4
199 294 4
199 304 4
199 313 4
199 318 4
199 323 4
199 325 4
199 357 4
199 358 4
199 363 4
199 365 5
199 373 4
199 378 4
199 385 4
199 391 4
199 392 4
199 393 4
199 401 4
199 402 4
199 405 4
199 409 4
199 410 4
199 411 4
199 419 4
199 420 4
199 423 4
199 431 4
199 432 4
199 443 4
199 449 4
199 451 4
199 455 4
199 462 4
199 472 4
199 473 4
199 478 4
199 483 4
199 495 4
199 496 4
199 501 4
199 509 4
199 515 4
199 527 4
199 528 4
199 542 4
199 546 4
199 549 4
199 552 4
199 559 4
199 560 3
199 568 4
199 570 5
199 576 4
199 578 4
199 580 4
199 582 4
199 584 4
199 586 4
199 588 4
199 596 4
199 597 4
199 609 4
199 622 4
199 652 4
199 660 4
199 665 4
199 673 4
199 674 4
199 679 4
199 685 4
199 692 4
199 717 4
199 720 4
199 739 4
199 742 4
199 743 4
199 748 4
199 755 4
199 756 4
199 758 4
199 760 4
199 768 4
199 771 4
199 802 4
199 820 4
199 826 4
199 831 4
199 840 4
199 841 4
199 866 4
199 890 4
199 892 4
199 924 4
199 929 4
199 951 4
199 982 4
199 984 4
