150 26 3
150 31 3
150 33 5
150 44 4
150 47 3
150 49 3
150 50 5
150 51 4
150 52 5
150 56 4
150 58 4
150 64 5
150 65 4
150 66 4
150 69 4
150 70 4
150 79 4
150 81 5
150 82 3
150 83 5
150 86 5
150 87 4
150 88 5
150 89 5
150 91 2
150 93 5
150 97 5
150 98 4
150 100 3
150 111 4
150 114 5
150 118 3
150 121 5
150 125 4
150 131 5
150 132 5
150 133 5
150 134 4
150 136 4
150 137 5
150 147 2
150 151 5
150 152 3
150 153 3
150 154 4
150 160 4
150 162 5
150 163 4
150 164 5
150 168 5
150 169 5
150 170 5
150 171 5
150 172 5
150 175 5
150 176 2
150 178 5
150 181 5
150 183 3
150 185 4
150 186 4
150 189 5
150 191 3
150 193 4
150 194 4
150 195 3
150 196 4
150 197 5
150 198 4
150 199 3
150 200 3
150 203 3
150 204 4
150 208 4
150 209 4
150 210 4
150 211 5
150 213 5
150 215 3
150 216 4
150 222 5
150 223 5
150 224 5
150 227 5
150 228 5
150 230 3
150 231 1
150 234 4
150 238 5
150 241 3
150 260 1
150 265 5
150 274 5
150 275 5
150 286 5
150 287 4
150 290 1
150 300 4
150 302 3
150 317 5
150 318 5
150 321 4
150 322 2
150 328 3
150 356 2
150 357 5
150 371 4
150 372 5
150 378 4
150 381 5
150 382 4
150 387 5
150 393 2
150 402 3
150 405 3
150 408 5
150 411 4
150 414 5
150 417 3
150 419 3
150 420 5
150 425 4
150 428 5
150 429 5
150 430 4
150 432 5
150 433 3
150 435 4
150 443 5
150 448 2
150 451 5
150 461 4
150 462 4
150 463 5
150 464 4
150 466 5
150 469 1
150 470 3
150 473 4
150 474 5
150 476 3
150 478 5
150 480 5
150 481 3
150 482 4
150 483 5
150 484 4
150 485 5
150 486 5
150 487 5
150 488 4
150 489 5
150 490 5
150 492 3
150 494 4
150 496 4
150 497 5
150 499 5
150 503 3
150 504 4
150 505 5
150 506 4
150 507 5
150 509 4
150 512 5
150 514 4
150 516 5
150 517 2
150 522 5
150 523 5
150 525 4
150 528 5
150 529 5
150 546 2
150 549 4
150 561 3
150 566 3
150 582 5
150 584 3
150 602 4
150 603 5
150 605 4
150 606 5
150 609 4
150 614 4
150 627 2
150 628 5
150 631 3
150 632 4
150 633 5
150 638 5
150 642 3
150 652 5
150 654 4
150 655 4
150 657 5
150 659 5
150 660 4
150 661 4
150 662 4
150 663 4
150 675 2
150 684 3
150 692 3
150 699 4
150 702 3
150 703 4
150 707 4
150 709 5
150 716 2
150 724 4
150 729 4
150 732 4
150 735 5
150 736 4
150 741 2
150 747 3
150 748 2
150 755 3
150 761 3
150 770 4
150 775 2
150 781 3
150 782 4
150 792 4
150 813 4
150 826 1
150 835 5
150 837 4
150 845 4
150 847 5
150 919 5
150 929 3
150 939 4
150 952 3
150 953 5
150 956 4
150 962 1
150 965 5
150 969 5
150 971 5
150 972 4
151 71 5
151 80 5
151 97 5
151 98 2
151 111 5
151 117 4
151 120 2
151 121 5
151 125 5
151 132 5
151 133 5
151 143 5
151 147 3
151 151 4
151 153 4
151 155 5
151 157 5
151 161 5
151 162 5
151 167 5
151 173 5
151 191 5
151 204 4
151 215 5
151 220 5
151 234 4
151 237 5
151 241 4
151 255 5
151 272 5
151 274 5
151 275 4
151 278 4
151 280 5
151 284 5
151 286 5
151 301 3
151 313 4
151 354 3
151 364 4
151 371 4
151 402 5
151 410 4
151 411 4
151 412 2
151 423 5
151 483 5
151 487 5
151 504 4
151 527 4
151 549 4
151 596 2
151 632 4
151 685 5
151 692 5
151 699 5
151 716 5
151 720 5
151 724 5
151 739 5
151 740 4
151 775 4
151 778 3
151 780 5
151 781 5
151 783 4
151 785 5
151 790 5
151 794 5
151 845 3
151 866 5
151 871 3
151 966 5
152 216 2
152 258 5
152 265 4
152 294 2
152 321 3
152 323 2
152 325 2
152 357 5
152 510 3
152 678 2
153 197 5
153 202 3
153 211 4
153 222 2
153 238 5
153 242 3
153 258 3
153 286 4
153 288 3
153 289 2
153 302 4
153 324 2
153 333 3
153 357 4
153 414 4
153 462 3
153 474 5
153 479 4
153 480 5
153 482 4
153 484 4
153 488 4
153 515 4
153 527 4
153 640 5
153 642 3
153 651 4
153 708 4
153 806 4
153 874 3
153 919 4
153 945 3
154 327 2
154 328 2
154 331 3
154 332 2
154 748 2
154 988 2
154 990 3
155 178 5
155 180 5
155 187 5
155 192 4
155 197 5
155 205 3
155 211 4
155 276 3
155 317 4
155 318 4
155 346 3
155 357 4
155 510 4
155 515 3
155 641 5
155 651 4
155 661 4
155 772 3
155 806 3
156 127 5
156 137 5
156 147 5
156 150 5
156 250 1
156 255 3
156 268 5
156 269 4
156 273 5
156 274 4
156 276 4
156 283 4
156 286 5
156 289 4
156 290 4
156 293 5
156 298 4
156 313 5
156 340 5
156 405 3
156 407 4
156 410 4
156 476 1
156 508 5
156 515 5
156 597 3
156 685 3
156 740 2
156 748 2
156 934 2
157 50 4
157 53 1
157 55 4
157 56 5
157 62 5
157 68 3
157 72 3
157 79 4
157 82 5
157 85 4
157 89 5
157 92 4
157 96 4
157 100 5
157 111 4
157 116 5
157 117 3
157 118 5
157 120 1
157 121 4
157 123 3
157 124 4
157 127 5
157 128 2
157 129 5
157 137 5
157 144 4
157 148 4
157 149 3
157 154 4
157 161 2
157 163 4
157 168 5
157 172 4
157 173 5
157 174 5
157 175 4
157 176 4
157 177 4
157 181 3
157 182 5
157 183 3
157 184 3
157 186 3
157 187 5
157 188 4
157 190 5
157 194 5
157 202 5
157 204 4
157 209 5
157 216 3
157 217 5
157 221 2
157 222 3
157 226 3
157 227 2
157 228 5
157 229 3
157 231 2
157 232 3
157 233 3
157 235 1
157 238 5
157 239 3
157 241 4
157 244 4
157 250 4
157 252 3
157 271 4
157 273 3
157 275 5
157 277 4
157 283 5
157 284 5
157 286 4
157 293 4
157 325 4
157 367 4
157 373 2
157 399 3
157 403 4
157 408 5
157 410 3
157 414 4
157 430 5
157 433 3
157 435 5
157 449 2
157 450 3
157 455 4
157 471 4
157 472 3
157 483 5
157 502 4
157 510 3
157 511 5
157 516 5
157 525 5
157 530 4
157 544 2
157 546 3
157 550 3
157 562 4
157 566 3
157 568 4
157 570 3
157 576 4
157 580 4
157 583 3
157 593 4
157 636 4
157 652 4
157 659 5
157 665 2
157 684 3
157 686 5
157 694 5
157 729 3
157 731 2
157 742 4
157 744 4
157 745 4
157 770 5
157 797 3
157 798 4
157 803 3
157 809 3
157 810 4
157 823 2
157 825 4
157 866 2
157 985 4
158 126 5
158 127 5
158 195 3
158 220 5
158 225 4
158 237 3
158 243 4
158 245 5
158 249 4
158 250 3
158 255 3
158 258 4
158 259 4
158 260 2
158 273 5
158 274 3
158 276 5
158 286 1
158 289 2
158 294 4
158 301 2
158 310 5
158 319 1
158 323 4
158 326 3
158 328 3
158 333 5
158 364 1
158 405 5
158 411 3
158 412 3
158 451 5
158 456 3
158 471 4
158 476 5
158 546 4
158 588 2
158 595 5
158 628 3
158 678 5
158 685 4
158 748 3
158 756 4
158 815 3
158 829 4
158 831 2
158 832 3
158 866 5
158 871 4
158 872 1
158 876 2
158 877 3
158 881 1
158 918 4
158 930 4
158 948 2
158 988 3
159 50 4
159 56 5
159 61 4
159 79 4
159 93 5
159 100 5
159 109 2
159 117 4
159 118 3
159 123 4
159 124 4
159 126 3
159 135 4
159 137 4
159 150 4
159 151 4
159 153 3
159 160 5
159 161 3
159 168 4
159 169 4
159 174 5
159 175 4
159 182 5
159 185 5
159 187 5
159 192 5
159 195 4
159 201 5
159 202 4
159 209 4
159 211 4
159 218 4
159 228 2
159 230 2
159 234 5
159 237 3
159 240 4
159 248 5
159 273 5
159 276 5
159 282 4
159 285 4
159 293 5
159 328 3
159 405 3
159 410 4
159 412 3
159 430 5
159 432 3
159 447 4
159 455 4
159 460 2
159 461 5
159 462 4
159 463 4
159 474 4
159 475 5
159 483 5
159 484 5
159 497 4
159 508 5
159 514 4
159 531 5
159 544 4
159 564 3
159 589 3
159 603 4
159 604 4
159 640 3
159 671 5
159 693 5
159 719 3
159 762 3
159 763 4
159 770 4
159 825 2
159 844 3
159 864 1
159 922 5
159 926 2
159 933 3
159 955 4
159 969 1
160 132 1
160 133 2
160 135 2
160 162 2
160 168 1
160 174 2
160 181 2
160 186 4
160 187 3
160 191 2
160 202 5
160 204 2
160 210 2
160 213 2
160 215 2
160 257 3
160 265 2
160 272 5
160 274 2
160 276 5
160 284 3
160 286 2
160 309 2
160 315 5
160 316 5
160 318 3
160 428 3
160 435 2
160 473 1
160 483 3
160 486 1
160 487 3
160 496 3
160 508 2
160 523 3
160 582 1
160 640 2
160 654 3
160 898 3
161 144 3
161 147 4
161 151 3
161 174 4
161 181 4
161 208 3
161 222 4
161 230 2
161 237 4
161 254 3
161 298 4
161 358 3
161 403 3
161 508 5
161 544 4
161 597 4
161 628 4
161 685 3
161 710 4
161 742 4
161 943 4
162 286 3
162 288 3
162 300 3
162 301 3
162 305 2
162 318 4
162 347 4
162 357 4
162 433 1
162 879 2
163 252 4
163 258 5
163 276 3
163 281 4
163 282 5
163 291 5
163 293 4
163 298 3
163 299 4
163 300 5
163 307 5
163 313 5
163 322 4
163 323 4
163 326 3
163 331 5
163 333 5
163 342 2
163 370 5
163 405 5
163 406 2
163 407 2
163 411 2
163 458 4
163 471 5
163 472 5
163 515 4
163 597 4
163 619 4
163 620 3
163 678 4
163 685 5
163 689 5
163 717 3
163 742 5
163 748 5
163 751 4
163 823 4
163 825 4
163 845 3
163 866 5
163 926 2
163 930 4
163 934 5
163 984 4
164 222 5
164 258 5
164 260 3
164 270 4
164 288 2
164 304 3
164 318 5
164 325 4
164 328 3
164 332 4
164 372 5
164 419 4
164 500 3
164 651 5
165 343 4
165 346 1
165 347 5
165 748 2
165 751 4
165 894 4
165 984 5
166 204 4
166 222 4
166 225 3
166 232 1
166 235 3
166 237 4
166 238 4
166 240 1
166 241 5
166 288 3
166 290 3
166 318 5
166 364 3
166 381 5
166 392 1
166 404 3
166 435 5
166 478 5
166 486 4
166 493 4
166 512 5
166 513 4
166 521 5
166 530 5
166 568 3
166 603 4
166 615 5
166 655 4
166 659 4
166 673 4
166 675 1
166 698 4
166 719 1
166 726 1
166 733 2
166 735 4
166 831 3
166 949 1
167 125 4
167 126 5
167 151 5
167 222 5
167 225 5
167 235 2
167 252 1
167 255 1
167 257 5
167 258 4
167 259 2
167 274 4
167 275 3
167 280 4
167 281 2
167 282 5
167 284 2
167 288 1
167 291 4
167 294 4
167 295 4
167 300 5
167 313 5
167 323 3
167 325 1
167 405 4
167 409 4
167 411 1
167 458 1
167 472 3
167 473 2
167 596 4
167 597 3
167 619 3
167 678 1
167 685 3
167 742 5
167 744 5
167 748 2
167 763 2
167 819 4
167 866 5
167 871 3
167 930 3
167 988 2
168 234 4
168 243 3
168 258 5
168 260 1
168 300 5
168 301 4
168 308 3
168 321 3
168 331 5
168 429 3
168 443 4
168 480 4
168 483 3
168 495 3
168 498 3
168 499 3
168 603 5
168 604 4
168 683 3
168 684 5
168 705 5
168 879 5
169 328 3
169 333 4
169 348 3
169 687 3
169 749 5
169 876 3
169 881 3
169 984 5
169 988 3
170 304 3
170 305 2
170 306 3
170 310 4
170 313 4
170 315 4
170 327 4
170 340 3
170 344 3
170 346 4
170 354 3
170 690 3
170 887 4
170 906 3
171 478 3
171 483 3
171 485 3
171 488 3
171 514 3
171 580 4
171 582 4
171 603 3
171 606 3
171 612 3
171 657 3
171 697 3
171 772 1
172 300 4
172 302 5
172 303 5
172 305 5
172 306 5
172 319 4
172 321 4
172 322 4
172 323 5
172 324 5
172 327 5
172 328 5
172 331 4
172 332 4
172 334 4
172 678 3
172 687 1
172 690 5
172 874 4
172 879 5
172 880 4
172 937 4
172 938 3
172 984 4
172 995 5
173 40 4
173 41 1
173 49 4
173 50 4
173 56 5
173 63 4
173 66 5
173 67 1
173 69 5
173 70 5
173 80 1
173 82 1
173 94 2
173 100 5
173 107 5
173 111 5
173 117 5
173 118 2
173 122 1
173 124 5
173 125 5
173 126 5
173 132 2
173 138 1
173 139 3
173 140 4
173 147 4
173 151 3
173 155 4
173 158 2
173 160 5
173 162 5
173 178 5
173 196 5
173 197 5
173 204 4
173 210 4
173 216 5
173 221 4
173 237 4
173 238 5
173 239 4
173 244 4
173 246 5
173 248 5
173 255 5
173 268 5
173 269 5
173 272 5
173 276 5
173 278 5
173 280 5
173 286 5
173 288 3
173 293 5
173 312 5
173 315 5
173 323 1
173 332 5
173 333 4
173 340 5
173 347 4
173 364 1
173 368 1
173 369 1
173 371 5
173 381 5
173 383 1
173 386 1
173 388 1
173 393 4
173 395 1
173 396 1
173 401 1
173 402 5
173 412 1
173 415 3
173 417 4
173 423 2
173 433 5
173 451 5
173 456 1
173 458 4
173 471 5
173 476 4
173 546 3
173 553 5
173 571 1
173 575 1
173 577 1
173 597 3
173 623 3
173 655 5
173 660 5
173 662 5
173 696 4
173 699 5
173 709 4
173 715 3
173 716 5
173 721 2
173 722 4
173 723 5
173 724 5
173 739 5
173 742 4
173 747 5
173 762 5
173 763 1
173 764 4
173 768 1
173 780 1
173 823 4
173 843 2
173 845 5
173 846 5
173 862 1
173 871 1
173 902 3
173 905 3
173 937 5
173 949 5
173 950 3
173 953 5
174 100 2
174 127 5
174 132 3
174 133 4
174 147 3
174 172 5
174 176 3
174 183 4
174 186 4
174 193 4
174 195 3
174 215 5
174 234 5
174 273 2
174 419 5
174 483 5
174 496 5
174 508 1
174 629 3
174 660 3
174 661 4
174 669 1
175 151 4
175 222 5
175 236 4
175 237 3
175 240 4
175 246 5
175 250 4
175 258 4
175 262 4
175 268 5
175 270 4
175 272 5
175 286 2
175 288 3
175 289 3
175 294 2
175 297 3
175 298 4
175 303 3
175 305 5
175 319 3
175 321 4
175 324 5
175 325 3
175 327 3
175 328 4
175 343 2
175 347 4
175 405 2
175 475 5
175 508 3
175 741 3
175 750 4
175 751 1
175 874 4
175 875 4
175 876 3
175 881 3
175 919 2
175 927 3
175 948 4
175 952 2
176 59 4
176 60 4
176 64 4
176 69 1
176 79 4
176 87 4
176 89 5
176 92 4
176 96 3
176 100 5
176 121 2
176 124 3
176 129 3
176 135 5
176 150 4
176 153 4
176 154 4
176 161 3
176 168 4
176 172 5
176 173 4
176 175 5
176 176 4
176 179 5
176 181 4
176 182 5
176 183 4
176 186 4
176 195 4
176 196 3
176 197 4
176 198 4
176 200 4
176 203 4
176 209 4
176 216 4
176 217 3
176 223 4
176 243 1
176 245 3
176 258 3
176 260 2
176 268 3
176 270 1
176 271 2
176 276 5
176 288 5
176 289 2
176 292 3
176 294 4
176 299 4
176 300 2
176 302 4
176 318 4
176 321 2
176 322 2
176 324 4
176 333 4
176 334 3
176 336 2
176 338 3
176 340 4
176 343 3
176 358 2
176 403 5
176 421 3
176 433 4
176 469 4
176 470 5
176 475 4
176 508 4
176 527 4
176 568 3
176 628 2
176 642 4
176 651 3
176 654 4
176 678 3
176 689 3
176 693 4
176 806 4
176 878 1
176 919 4
176 948 2
176 960 3
176 963 4
177 25 3
177 28 5
177 31 4
177 38 3
177 39 2
177 50 5
177 51 4
177 55 4
177 56 4
177 58 5
177 62 4
177 64 5
177 66 4
177 70 4
177 71 4
177 73 5
177 76 3
177 77 4
177 79 4
177 82 5
177 83 4
177 87 4
177 89 4
177 90 3
177 92 3
177 95 5
177 96 4
177 97 5
177 98 5
177 99 4
177 106 2
177 117 4
177 121 5
177 123 4
177 124 4
177 125 4
177 127 5
177 131 4
177 134 3
177 135 2
177 143 4
177 144 4
177 148 4
177 153 4
177 155 4
177 156 2
177 157 5
177 164 3
177 168 4
177 172 4
177 176 4
177 178 4
177 179 2
177 180 3
177 181 5
177 183 4
177 184 5
177 187 4
177 193 4
177 195 4
177 196 4
177 197 2
177 199 4
177 200 3
177 202 5
177 204 4
177 209 4
177 210 5
177 214 1
177 216 4
177 218 3
177 219 4
177 222 4
177 226 4
177 228 5
177 229 4
177 230 4
177 233 4
177 234 4
177 235 1
177 237 4
177 238 4
177 241 5
177 244 1
177 245 3
177 246 4
177 248 4
177 249 3
177 250 4
177 255 4
177 257 5
177 258 4
177 259 1
177 260 1
177 265 5
177 271 4
177 273 3
177 274 4
177 275 5
177 276 3
177 280 4
177 281 3
177 282 3
177 284 4
177 286 3
177 288 5
177 293 4
177 294 2
177 298 2
177 300 5
177 302 4
177 304 4
177 313 5
177 316 4
177 317 4
177 318 5
177 319 1
177 322 3
177 323 3
177 326 4
177 332 3
177 333 3
177 340 1
177 342 4
177 354 4
177 358 1
177 363 3
177 367 4
177 385 4
177 405 3
177 423 4
177 427 5
177 431 4
177 433 4
177 435 4
177 454 4
177 455 3
177 458 3
177 460 2
177 465 3
177 469 3
177 472 4
177 476 3
177 478 5
177 480 3
177 483 4
177 484 4
177 491 4
177 495 4
177 500 4
177 506 3
177 508 3
177 510 4
177 520 5
177 535 3
177 540 3
177 546 3
177 549 4
177 566 4
177 568 4
177 578 4
177 591 5
177 596 3
177 597 4
177 607 3
177 619 3
177 625 3
177 651 4
177 654 3
177 655 4
177 658 5
177 678 3
177 679 4
177 682 3
177 685 4
177 696 4
177 720 3
177 724 4
177 729 4
177 731 4
177 735 5
177 739 4
177 742 3
177 744 3
177 746 3
177 748 4
177 751 4
177 756 3
177 762 3
177 763 4
177 764 3
177 781 4
177 783 4
177 790 3
177 792 5
177 809 4
177 819 2
177 845 4
177 846 3
177 849 3
177 864 2
177 866 4
177 876 2
177 877 2
177 895 3
177 926 4
177 978 2
177 984 2
178 310 4
178 315 5
178 316 5
178 321 1
178 331 2
178 333 5
178 339 1
178 340 4
178 345 1
178 346 3
178 354 4
178 362 1
178 690 1
178 691 3
178 750 1
178 751 1
178 893 2
178 895 5
178 902 1
178 905 4
178 914 5
178 917 3
179 121 5
179 153 1
179 156 5
179 173 5
179 186 4
179 191 4
179 196 5
179 201 2
179 202 3
179 204 3
179 213 5
179 216 5
179 222 5
179 258 5
179 318 5
179 367 1
179 372 5
179 380 5
179 403 3
179 421 5
179 423 4
179 431 4
179 433 5
179 462 5
179 469 5
179 631 5
179 658 5
179 660 5
179 684 5
179 694 5
179 716 1
179 729 5
179 732 3
179 733 5
179 737 3
179 739 3
179 747 4
179 762 4
179 778 2
179 785 4
179 790 1
179 939 4
179 961 5
180 18 1
180 19 1
180 20 1
180 21 1
180 24 1
180 25 5
180 93 1
180 100 3
180 103 1
180 104 1
180 105 1
180 108 1
180 109 1
180 111 3
180 112 1
180 116 1
180 117 2
180 118 2
180 121 4
180 122 2
180 123 2
180 124 1
180 125 3
180 126 2
180 129 2
180 137 2
180 146 1
180 147 1
180 148 2
180 149 1
180 150 1
180 220 4
180 221 1
180 222 4
180 224 1
180 225 3
180 235 1
180 236 1
180 240 1
180 242 1
180 243 1
180 251 1
180 256 1
180 258 3
180 259 1
180 260 1
180 261 1
180 262 2
180 263 1
180 264 2
180 266 1
180 268 1
180 269 1
180 270 4
180 274 4
180 275 3
180 276 2
180 277 1
180 278 2
180 279 1
180 282 4
180 283 3
180 284 2
180 285 2
180 286 1
180 288 4
180 289 4
180 290 2
180 291 3
180 292 1
180 294 2
180 300 3
180 301 2
180 302 2
180 303 1
180 304 1
180 305 2
180 306 1
180 307 1
180 308 1
180 319 3
180 321 2
180 322 1
180 323 2
180 324 1
180 325 2
180 326 1
180 327 3
180 328 3
180 329 1
180 330 1
180 331 1
180 332 2
180 334 1
180 335 1
180 336 2
180 337 1
180 358 2
180 359 1
180 360 1
180 363 1
180 368 1
180 369 3
180 405 4
180 406 1
180 407 2
180 408 1
180 409 2
180 410 1
180 411 3
180 412 2
180 413 2
180 424 1
180 455 1
180 456 1
180 457 1
180 458 3
180 459 1
180 460 1
180 471 2
180 472 1
180 475 2
180 476 4
180 477 1
180 547 1
180 591 4
180 595 2
180 597 3
180 598 1
180 619 3
180 620 2
180 628 3
180 676 3
180 680 1
180 681 1
180 682 4
180 683 1
180 688 1
180 690 3
180 696 2
180 718 1
180 740 2
180 741 1
180 742 4
180 744 2
180 748 1
180 749 1
180 756 2
180 758 1
180 760 1
180 762 2
180 763 1
180 764 1
180 766 1
180 767 1
180 813 2
180 818 1
180 819 3
180 820 1
180 823 2
180 824 1
180 825 1
180 827 2
180 828 1
180 829 1
180 831 1
180 832 1
180 833 1
180 834 3
180 840 1
180 841 1
180 844 1
180 845 3
180 846 3
180 847 1
180 864 2
180 866 1
180 870 2
180 872 1
180 873 1
180 874 1
180 875 3
180 876 1
180 877 2
180 878 1
180 879 2
180 881 1
180 882 1
180 883 1
180 884 1
180 885 1
180 886 1
180 887 1
180 919 1
180 920 1
180 922 1
180 924 3
180 925 2
180 926 1
180 927 1
180 928 3
180 929 1
180 930 1
180 931 1
180 932 1
180 933 1
180 934 3
180 937 3
180 938 1
180 948 1
180 950 1
180 952 1
180 974 4
180 975 2
180 976 1
180 977 1
180 978 1
180 979 2
180 980 1
180 981 1
180 982 1
180 983 2
180 984 1
180 985 1
180 986 2
180 989 1
180 990 1
180 991 1
180 995 1
181 178 5
181 181 5
181 191 4
181 203 3
181 222 3
181 237 3
181 257 3
181 283 2
181 293 3
181 423 5
181 471 4
181 479 5
181 596 5
181 763 3
181 845 3
181 864 4
182 177 5
182 181 2
182 202 4
182 203 3
182 210 3
182 212 4
182 216 4
182 222 4
182 225 1
182 226 3
182 227 4
182 228 4
182 229 3
182 230 5
182 241 4
182 250 2
182 257 2
182 265 2
182 270 3
182 273 4
182 294 3
182 331 3
182 356 3
182 375 2
182 380 4
182 405 4
182 431 2
182 450 3
182 483 5
182 485 5
182 562 3
182 720 4
183 34 2
183 36 3
183 40 4
183 44 4
183 47 4
183 50 4
183 51 4
183 52 4
183 56 3
183 57 5
183 58 4
183 64 4
183 65 4
183 66 4
183 67 3
183 69 3
183 70 4
183 71 4
183 72 3
183 77 3
183 79 3
183 82 3
183 86 5
183 88 3
183 89 4
183 91 3
183 92 3
183 93 4
183 97 2
183 98 4
183 100 5
183 116 4
183 117 2
183 118 2
183 121 2
183 124 5
183 126 3
183 127 5
183 132 5
183 134 5
183 137 5
183 143 3
183 153 3
183 155 3
183 161 2
183 164 3
183 165 4
183 166 3
183 170 5
183 172 4
183 174 3
183 175 3
183 176 4
183 181 4
183 182 4
183 183 4
183 185 4
183 187 4
183 191 4
183 196 4
183 202 3
183 203 3
183 207 4
183 208 4
183 210 4
183 213 5
183 215 4
183 216 4
183 217 3
183 218 3
183 220 3
183 221 5
183 223 4
183 231 3
183 235 2
183 237 4
183 250 4
183 252 2
183 254 2
183 255 3
183 258 3
183 259 3
183 272 4
183 275 5
183 277 3
183 283 5
183 285 5
183 286 4
183 287 4
183 301 3
183 321 5
183 340 5
183 357 5
183 378 4
183 381 4
183 382 5
183 393 4
183 396 3
183 399 3
183 401 3
183 402 3
183 403 3
183 405 2
183 410 3
183 411 3
183 412 2
183 423 4
183 428 4
183 443 3
183 447 3
183 451 4
183 458 3
183 462 4
183 473 4
183 476 2
183 478 4
183 483 5
183 485 4
183 487 4
183 488 5
183 492 4
183 496 5
183 497 4
183 498 5
183 506 4
183 508 4
183 511 4
183 512 4
183 514 5
183 515 5
183 517 4
183 521 4
183 522 3
183 523 4
183 527 4
183 528 5
183 529 4
183 531 4
183 553 3
183 559 3
183 568 2
183 582 4
183 584 3
183 588 5
183 591 3
183 596 4
183 602 4
183 604 4
183 606 5
183 631 4
183 632 5
183 639 3
183 640 4
183 642 4
183 644 4
183 645 3
183 647 5
183 651 3
183 654 4
183 655 3
183 657 4
183 660 3
183 664 3
183 665 2
183 692 4
183 693 3
183 694 5
183 699 5
183 707 4
183 708 4
183 715 4
183 716 3
183 724 4
183 729 3
183 736 3
183 738 3
183 739 3
183 742 3
183 747 3
183 766 3
183 780 4
183 805 3
183 813 4
183 836 4
183 845 3
183 855 4
183 942 3
183 945 4
183 949 3
183 950 4
183 956 3
183 972 3
183 995 3
184 160 1
184 181 4
184 196 4
184 197 5
184 199 4
184 205 3
184 216 4
184 223 4
184 237 4
184 269 5
184 275 4
184 276 4
184 279 4
184 285 5
184 286 4
184 287 5
184 318 4
184 321 5
184 423 5
184 447 4
184 514 5
184 515 4
184 528 4
184 638 4
184 690 4
184 701 3
184 740 4
184 939 3
185 106 2
185 117 5
185 118 2
185 121 2
185 148 4
185 159 5
185 203 5
185 225 4
185 226 5
185 237 2
185 243 2
185 250 1
185 257 4
185 258 1
185 263 3
185 281 4
185 288 1
185 291 4
185 298 3
185 299 3
185 300 5
185 302 3
185 303 3
185 306 4
185 322 5
185 327 3
185 330 4
185 332 4
185 333 3
185 338 3
185 356 5
185 385 4
185 406 1
185 470 5
185 477 4
185 540 4
185 546 4
185 550 4
185 554 1
185 566 5
185 568 4
185 588 4
185 591 4
185 595 3
185 596 4
185 684 4
185 689 4
185 717 3
185 742 3
185 754 2
185 770 2
185 820 2
185 829 4
185 880 3
185 887 4
185 925 5
185 934 3
185 939 5
185 977 3
185 983 3
185 988 4
186 116 5
186 134 3
186 135 4
186 168 5
186 175 2
186 179 5
186 186 4
186 191 5
186 196 4
186 197 4
186 209 4
186 210 4
186 213 4
186 214 4
186 215 3
186 216 5
186 241 3
186 275 5
186 423 4
186 427 5
186 428 4
186 433 4
186 435 4
186 462 5
186 522 3
186 523 3
186 582 1
186 651 5
186 659 5
186 660 5
186 663 3
186 732 3
186 735 4
186 736 4
186 747 4
186 792 5
187 69 4
187 76 4
187 77 4
187 79 5
187 88 4
187 96 5
187 97 5
187 98 5
187 100 4
187 118 3
187 121 4
187 127 4
187 143 5
187 144 3
187 148 4
187 151 3
187 153 5
187 157 3
187 159 3
187 161 3
187 162 4
187 164 4
187 173 5
187 174 5
187 177 4
187 180 5
187 181 3
187 185 4
187 191 3
187 194 3
187 195 3
187 199 4
187 202 2
187 204 4
187 205 3
187 209 2
187 210 4
187 211 4
187 216 5
187 218 5
187 226 3
187 233 3
187 234 4
187 237 3
187 240 1
187 265 5
187 281 3
187 288 4
187 294 2
187 318 5
187 326 3
187 357 4
187 392 5
187 419 5
187 443 4
187 462 4
187 468 4
187 470 5
187 474 4
187 483 5
187 485 3
187 498 5
187 504 3
187 510 3
187 511 2
187 519 4
187 553 4
187 554 2
187 566 5
187 568 4
187 591 5
187 628 5
187 629 4
187 632 5
187 651 4
187 673 4
187 678 3
187 692 5
187 717 4
187 732 3
187 742 5
187 764 4
187 769 2
187 792 2
187 864 2
187 877 2
187 928 3
187 930 4
188 24 4
188 30 4
188 31 3
188 44 4
188 45 3
188 50 5
188 56 5
188 60 3
188 61 3
188 79 3
188 83 4
188 89 5
188 91 3
188 96 5
188 97 4
188 99 5
188 100 4
188 105 2
188 118 1
188 120 1
188 121 2
188 124 5
188 127 4
188 129 3
188 131 4
188 132 5
188 133 5
188 134 5
188 135 4
188 136 4
188 143 5
188 150 4
188 151 5
188 162 3
188 165 5
188 166 4
188 172 5
188 173 5
188 174 5
188 175 5
188 176 4
188 178 5
188 181 3
188 191 5
188 194 5
188 196 5
188 197 5
188 198 4
188 203 3
188 204 5
188 207 5
188 209 1
188 214 1
188 216 5
188 225 4
188 234 5
188 238 5
188 241 3
188 246 4
188 248 4
188 253 4
188 268 4
188 274 4
188 275 5
188 276 3
188 281 2
188 283 5
188 294 5
188 313 2
188 317 4
188 378 4
188 381 3
188 418 3
188 423 5
188 433 5
188 462 5
188 474 5
188 479 5
188 480 5
188 483 5
188 484 5
188 485 4
188 487 5
188 492 3
188 496 5
188 499 4
188 500 5
188 501 4
188 503 3
188 505 5
188 510 5
188 512 4
188 513 4
188 516 1
188 517 4
188 520 5
188 526 4
188 527 5
188 596 3
188 603 5
188 607 4
188 618 2
188 630 4
188 632 5
188 634 3
188 638 5
188 639 4
188 647 4
188 652 5
188 654 3
188 656 4
188 657 5
188 661 4
188 663 3
188 694 4
188 705 4
188 732 2
188 742 3
188 751 4
188 815 3
188 820 1
188 847 4
188 855 3
188 863 4
188 914 2
188 934 2
188 952 5
188 990 3
189 272 5
189 273 4
189 276 4
189 281 3
189 282 3
189 291 3
189 294 3
189 300 4
189 302 5
189 310 4
189 313 5
189 326 4
189 333 4
189 340 1
189 354 4
189 363 2
189 405 4
189 471 5
189 508 3
189 539 2
189 544 4
189 546 3
189 591 4
189 597 2
189 628 4
189 685 3
189 696 3
189 717 3
189 742 3
189 748 3
189 751 4
189 823 2
189 895 3
189 898 2
189 974 2
189 977 2
189 989 3
190 313 5
190 316 5
190 328 3
190 331 4
190 332 2
190 339 3
190 340 4
190 343 3
190 345 4
190 750 4
190 751 3
190 752 3
190 754 3
190 891 3
190 896 3
190 900 4
191 257 4
191 258 5
191 276 2
191 277 3
191 284 5
191 301 4
191 302 5
191 340 4
191 476 2
191 515 4
191 813 4
191 948 3
192 72 2
192 73 3
192 79 4
192 82 2
192 94 3
192 96 1
192 100 5
192 111 1
192 117 4
192 121 3
192 122 1
192 127 5
192 147 2
192 153 4
192 155 4
192 161 3
192 174 4
192 177 4
192 187 4
192 194 4
192 195 1
192 199 5
192 210 4
192 218 4
192 234 3
192 237 4
192 246 3
192 258 3
192 259 2
192 260 1
192 268 3
192 269 4
192 274 3
192 276 4
192 280 4
192 286 4
192 288 1
192 294 1
192 300 4
192 301 4
192 307 4
192 310 4
192 313 4
192 327 1
192 328 3
192 332 3
192 343 1
192 352 1
192 354 3
192 362 3
192 366 4
192 368 1
192 393 4
192 402 3
192 403 3
192 407 4
192 410 3
192 412 3
192 435 4
192 443 4
192 465 3
192 476 2
192 485 5
192 508 4
192 541 1
192 553 4
192 554 3
192 562 3
192 580 4
192 627 4
192 673 4
192 682 1
192 684 4
192 689 2
192 693 4
192 722 3
192 739 4
192 742 4
192 750 4
192 755 4
192 763 3
192 781 3
192 790 3
192 815 3
192 827 2
192 845 4
192 869 3
192 871 3
192 879 3
192 895 1
192 905 4
192 928 2
192 941 4
193 25 2
193 26 3
193 28 5
193 29 2
193 30 3
193 31 3
193 44 4
193 50 3
193 51 4
193 52 4
193 54 3
193 56 5
193 58 4
193 62 2
193 64 5
193 66 3
193 69 4
193 70 3
193 71 4
193 72 3
193 73 3
193 76 2
193 77 3
193 78 1
193 81 2
193 82 2
193 83 3
193 86 3
193 87 4
193 88 3
193 89 3
193 90 3
193 91 3
193 94 3
193 95 3
193 97 3
193 98 4
193 99 3
193 100 4
193 117 3
193 118 3
193 121 2
193 124 4
193 127 5
193 132 3
193 133 3
193 134 2
193 135 3
193 143 3
193 144 4
193 152 3
193 153 3
193 154 3
193 155 3
193 157 4
193 159 3
193 160 2
193 161 4
193 162 3
193 165 4
193 172 3
193 173 5
193 174 4
193 175 3
193 177 3
193 178 3
193 179 4
193 180 3
193 181 3
193 182 3
193 183 3
193 185 4
193 187 4
193 188 4
193 191 4
193 192 5
193 193 4
193 194 4
193 195 3
193 196 3
193 197 4
193 198 3
193 202 3
193 203 3
193 205 3
193 209 3
193 210 3
193 211 4
193 212 1
193 213 2
193 215 3
193 216 3
193 218 4
193 219 2
193 222 1
193 225 3
193 226 3
193 227 1
193 229 1
193 230 1
193 232 2
193 234 3
193 235 2
193 237 3
193 238 5
193 239 3
193 241 2
193 259 2
193 274 2
193 276 3
193 281 2
193 282 3
193 284 3
193 286 1
193 289 1
193 294 4
193 317 4
193 321 3
193 356 2
193 357 4
193 366 2
193 367 3
193 371 3
193 376 2
193 380 1
193 383 1
193 385 2
193 387 2
193 393 2
193 402 3
193 403 2
193 404 3
193 405 2
193 410 3
193 414 3
193 417 2
193 419 2
193 423 3
193 425 2
193 427 4
193 431 4
193 432 4
193 433 3
193 443 3
193 449 1
193 450 1
193 451 2
193 456 1
193 465 3
193 466 4
193 467 5
193 470 3
193 471 3
193 474 4
193 478 3
193 479 3
193 481 3
193 482 3
193 483 4
193 485 3
193 488 3
193 491 3
193 498 3
193 503 4
193 504 2
193 507 4
193 509 3
193 510 4
193 511 4
193 514 3
193 516 3
193 517 3
193 519 4
193 520 5
193 521 4
193 523 5
193 526 4
193 527 4
193 529 4
193 530 4
193 540 1
193 542 3
193 546 3
193 549 3
193 559 2
193 562 2
193 566 4
193 568 2
193 576 2
193 580 4
193 582 1
193 588 4
193 616 3
193 623 1
193 624 2
193 625 3
193 628 3
193 629 3
193 631 2
193 633 3
193 636 2
193 640 1
193 642 2
193 647 4
193 648 4
193 651 3
193 655 5
193 657 4
193 659 4
193 660 3
193 663 4
193 674 2
193 692 2
193 693 4
193 705 2
193 708 3
193 720 2
193 732 3
193 735 4
193 736 2
193 737 4
193 739 3
193 744 3
193 756 1
193 762 3
193 770 4
193 780 2
193 783 2
193 792 4
193 808 2
193 820 1
193 837 4
193 864 2
193 871 2
193 939 3
193 941 2
193 944 2
193 946 3
193 951 3
193 971 3
193 991 2
193 997 3
194 100 5
194 127 5
194 132 5
194 134 5
194 143 5
194 152 3
194 154 3
194 181 5
194 186 3
194 198 3
194 213 4
194 227 3
194 234 5
194 235 3
194 258 4
194 264 3
194 265 4
194 271 4
194 273 4
194 276 4
194 298 4
194 300 3
194 304 4
194 313 5
194 325 2
194 326 3
194 328 4
194 358 2
194 373 3
194 384 2
194 386 2
194 387 4
194 407 2
194 413 3
194 421 4
194 431 3
194 433 3
194 451 5
194 469 3
194 477 2
194 496 4
194 500 4
194 508 3
194 558 3
194 582 4
194 591 4
194 636 2
194 651 5
194 678 3
194 740 3
194 748 2
194 751 4
194 753 3
194 771 2
194 779 2
194 797 3
194 809 3
194 823 4
194 831 2
194 877 3
194 887 4
194 921 3
194 982 2
195 153 5
195 173 2
195 202 3
195 238 4
195 242 3
195 251 3
195 257 2
195 285 5
195 286 5
195 287 3
195 306 4
195 340 3
195 381 4
195 382 4
195 393 4
195 411 4
195 428 4
195 580 2
195 655 5
195 663 5
195 692 5
195 762 3
195 845 4
196 62 2
196 68 2
196 79 5
196 82 5
196 89 5
196 92 1
196 96 5
196 127 5
196 161 4
196 172 5
196 174 5
196 176 5
196 177 5
196 181 5
196 182 3
196 183 5
196 184 1
196 187 5
196 188 3
196 190 3
196 195 5
196 210 5
196 226 4
196 228 4
196 229 3
196 230 4
196 231 3
196 232 4
196 233 4
196 241 3
196 245 4
196 258 4
196 259 1
196 265 5
196 271 2
196 286 1
196 288 3
196 289 4
196 294 4
196 300 4
196 302 3
196 307 3
196 313 4
196 316 4
196 321 3
196 322 3
196 323 3
196 326 3
196 328 4
196 332 2
196 333 2
196 340 2
196 344 4
196 346 3
196 347 4
196 354 2
196 362 4
196 373 1
196 385 2
196 399 2
196 403 3
196 431 3
196 435 5
196 449 5
196 510 5
196 511 5
196 515 5
196 518 1
196 526 5
196 530 3
196 538 3
196 550 3
196 554 4
196 566 4
196 570 4
196 578 3
196 586 3
196 651 5
196 665 4
196 678 2
196 679 1
196 684 4
196 688 1
196 690 3
196 720 2
196 748 3
196 750 5
196 770 3
196 779 2
196 808 3
196 849 3
196 879 4
196 880 3
196 895 3
196 947 2
197 31 3
197 33 3
197 50 5
197 51 3
197 55 3
197 56 5
197 58 3
197 64 4
197 65 2
197 69 4
197 70 3
197 73 3
197 79 3
197 82 3
197 95 3
197 97 3
197 98 4
197 100 1
197 101 5
197 108 3
197 117 1
197 118 2
197 121 3
197 122 1
197 127 5
197 131 3
197 132 4
197 135 5
197 143 3
197 148 3
197 153 4
197 154 4
197 156 3
197 161 3
197 164 3
197 168 4
197 172 4
197 173 4
197 174 5
197 175 3
197 176 4
197 179 4
197 180 3
197 182 4
197 183 5
197 184 3
197 185 3
197 186 5
197 187 4
197 188 5
197 191 4
197 193 4
197 195 3
197 196 3
197 197 4
197 198 4
197 200 4
197 203 3
197 208 3
197 210 4
197 214 4
197 215 4
197 216 4
197 217 4
197 218 3
197 222 3
197 228 3
197 229 3
197 234 3
197 237 2
197 241 3
197 248 3
197 249 2
197 258 4
197 265 3
197 276 3
197 280 3
197 291 2
197 298 1
197 300 2
197 318 4
197 323 2
197 356 3
197 357 5
197 369 1
197 381 3
197 382 4
197 385 3
197 402 3
197 403 4
197 405 2
197 410 1
197 411 1
197 427 4
197 429 4
197 431 3
197 433 2
197 434 3
197 447 4
197 455 3
197 462 3
197 480 4
197 498 3
197 501 4
197 509 4
197 511 4
197 518 3
197 527 4
197 531 5
197 549 3
197 559 3
197 568 3
197 581 3
197 629 4
197 631 3
197 636 3
197 640 3
197 651 4
197 652 3
197 654 5
197 655 4
197 658 3
197 660 4
197 690 3
197 692 2
197 693 3
197 707 2
197 727 4
197 746 4
197 748 2
197 763 3
197 820 1
197 823 2
197 824 2
197 871 1
197 923 3
197 959 3
197 979 5
198 242 5
198 258 4
198 259 1
198 268 5
198 276 4
198 285 4
198 286 5
198 294 1
198 313 4
198 322 2
198 323 3
198 324 1
198 405 2
198 408 5
198 473 4
198 475 5
198 508 4
198 539 1
198 678 1
198 687 1
198 892 1
198 948 1
198 988 1
198 989 1
199 29 4
199 33 4
199 38 3
199 43 3
199 45 3
199 48 2
199 50 5
199 54 4
199 56 4
199 58 4
199 62 5
199 63 4
199 68 5
199 69 5
199 71 4
199 72 4
199 79 5
199 82 5
199 88 4
199 89 5
199 91 4
199 94 4
199 95 5
199 96 5
199 98 5
199 99 5
199 103 2
199 107 3
199 112 3
199 117 5
199 118 4
199 121 5
199 123 4
199 125 5
199 132 5
199 135 4
199 140 4
199 141 4
199 143 5
199 147 5
199 148 4
199 151 3
199 161 4
199 169 5
199 173 5
199 174 5
199 177 4
199 179 4
199 183 5
199 188 4
199 191 5
199 193 4
199 195 5
199 196 4
199 202 5
199 205 4
199 208 5
199 210 5
199 215 4
199 218 5
199 222 5
199 225 4
199 226 4
199 227 5
199 228 5
199 229 5
199 230 5
199 231 4
199 234 4
199 235 2
199 241 4
199 243 3
199 245 3
199 258 4
199 265 5
199 276 5
199 280 4
199 282 4
199 286 4
199 291 3
199 294 4
199 304 5
199 313 5
199 318 5
199 323 3
199 325 5
199 357 5
199 358 5
199 363 3
199 365 5
199 373 4
199 378 5
199 385 5
199 391 4
199 392 5
199 393 4
199 401 2
199 402 4
199 405 3
199 409 2
199 410 3
199 411 3
199 419 4
199 420 5
199 423 5
199 431 5
199 432 5
199 443 5
199 449 5
199 451 4
199 455 3
199 462 4
199 472 4
199 473 4
199 478 5
199 483 5
199 495 3
199 496 5
199 501 4
199 509 4
199 515 5
199 527 4
199 528 4
199 542 3
199 546 3
199 549 4
199 552 4
199 559 4
199 560 4
199 568 5
199 570 4
199 576 4
199 578 5
199 580 2
199 582 4
199 584 4
199 586 4
199 588 5
199 596 4
199 597 4
199 609 3
199 622 3
199 652 2
199 660 3
199 665 4
199 673 5
199 674 4
199 679 4
199 685 4
199 692 3
199 717 4
199 720 4
199 739 4
199 742 4
199 743 3
199 748 3
199 755 5
199 756 3
199 758 3
199 760 4
199 768 4
199 771 4
199 802 4
199 820 3
199 826 4
199 831 4
199 840 4
199 841 3
199 866 4
199 890 4
199 892 4
199 924 5
199 929 4
199 951 5
199 982 2
199 984 3
